1428329
1439861
1553331
1785100
1806079
2028330
2218713
2980072
7479408
7482020
7817241
7874541
8178177
8237236
8300651
8339471
8814573
8913955
9051896
9460160
9637621
9755762
9882919
10374468
10472098
10549705
10851954
11148899
11154543
11172655
11569156
11806392
11880843
12728024
12810974
14628199
14634854
15087804
15690209
15699801
16096745
16306834
16317530
16622372
16703901
17043863
17054237
17077731
17109106
17139218
17961383
18040702
18212654
18377319
18509968
18563333
19094653
19404687
19411450
19412024
19525832
19652568
19718404
20023338
20189171
20407345
20495932
20499114
20535041
20646506
20704105
21375383
21548257
21604529
21644092
22009840
22057820
22227107
22229181
22333443
22366970
22489522
22523933
22844053
22903200
22907065
22971486
23263169
23676860
23704968
23728686
23740669
23905953
23996046
24013718
24018981
24136267
24284240
24326026
24358996
24563980
24636930
24796199
24845086
24867898
24890141
24919003
25077910
25150769
25320199
25396259
25457338
25568388
25645322
25813011
25842559
25953526
26051881
26202101
26269165
26306404
26414835
26455226
26907876
26983411
27005301
27028069
27135451
27149791
27262651
27537586
27541493
27584674
27646696
27649012
28107241
28247080
28323717
28343026
28641907
28777064
28800928
28803178
29113901
29419692
29477004