27149791
25568388
25320199
18563333
26202101
22844053
22057820
20495932
19652568
19411450
17077731
16622372
15699801
12728024
2218713
26051881
23728686
24018981
22333443
2028330
24013718
23676860
25645322
26983411
26907876
22489522
24563980
29113901
28803178
28777064
28641907
28343026
27541493
27028069
26414835
25842559
25150769
24919003
24890141
24358996
24284240
24136267
23905953
23740669
23263169
20646506
20535041
20407345
20023338
19094653
17139218
17054237
16703901
16306834
15690209
15087804
11806392
11569156
11154543
10851954
27149791
25568388
25320199
18563333
26202101
22844053
22057820
20495932
19652568
22009840
19411450
17077731
16622372
15699801
12728024
1806079
2218713
26051881
23728686
24018981
22333443
2028330
1428329
25396259
24013718
23676860
28800928
25645322
26983411
26907876
27649012
22489522
24563980
29419692
29113901
28803178
28777064
28641907
28343026
27541493
27028069
26414835
25842559
25150769
24919003
24890141
26455226
24358996
24284240
24136267
23905953
23740669
23263169
21548257
20646506
20535041
20407345
20023338
19718404
19094653
17139218
17109106
17054237
16703901
16306834
15690209
15087804
11806392
11569156
11154543
10851954
27149791
25568388
25320199
18563333
24796199
26202101
25077910
23996046
22971486
22844053
22057820
20495932
19652568
19411450
17077731
16622372
15699801
12728024
7482020
2218713
26051881
23728686
24018981
22333443
27537586
24326026
2028330
27262651
24013718
23676860
25645322
26983411
26907876
22489522
24563980
21644092
29113901
28803178
28777064
28641907
28343026
27584674
27541493
27028069
26414835
25842559
25150769
24919003
24890141
24867898
24358996
24284240
24136267
23905953
23740669
23704968
23263169
22229181
20646506
20535041
20407345
20023338
19525832
19094653
17139218
17054237
16703901
16306834
15690209
15087804
12810974
11806392
11569156
11172655
11154543
10851954
7817241
27149791
25568388
25320199
18563333
26202101
22907065
22903200
22844053
22057820
20704105
20495932
19652568
19411450
17077731
16622372
16096745
15699801
12728024
2218713
26051881
23728686
24018981
22333443
2028330
2980072
8339471
21375383
24013718
23676860
26269165
25645322
26983411
26907876
22489522
24563980
29113901
28803178
28777064
28641907
28343026
27541493
27028069
26414835
25842559
25150769
24919003
24890141
24636930
24358996
24284240
24136267
23905953
23740669
23263169
22523933
22227107
20646506
20535041
20499114
20407345
20023338
19094653
18509968
18212654
17961383
17139218
17054237
17043863
16703901
16317530
16306834
15690209
15087804
14628199
11880843
11806392
11569156
11154543
11148899
10851954
10549705
10472098
9637621
9460160
8913955
8814573
7479408
8178177
8300651
7874541
8237236
1553331
1785100
1439861
28323717
28107241
21604529
27135451
18377319
19404687
27005301
28247080
9882919
25813011
27646696
19412024
9755762
9051896
26306404
25457338
24845086
10374468
25953526
14634854
18040702
22366970
29477004
20189171